1 11 3 5 6 9
1 12 3 5 7 8
1 13 3 10 3 7
1 14 3 5 6 9
1 15 1 3
2 11 2 5 9
2 12 5 5 6 7 8 9
2 13 3 6 8 9
2 14 4 3 4 5 9
2 15 3 4 7 9
3 11 3 7 8 9
3 12 2 5 9
3 13 5 10 4 5 6 8
3 14 4 3 4 5 9
3 15 1 7
4 11 3 10 7 8
4 12 5 10 4 5 6 8
4 13 4 6 7 8 9
4 14 3 5 7 9
4 15 1 5
5 11 3 4 6 8
5 12 3 10 4 8
5 13 1 5
5 14 3 4 6 9
6 11 3 4 6 9
6 12 3 10 3 6
6 13 5 4 5 6 7 9
6 14 5 5 6 7 8 9
7 11 2 4 8
7 12 1 6
7 13 2 6 7
7 14 5 10 4 5 7 9
7 15 1 6
8 12 3 10 3 8
8 13 2 4 9
8 14 5 3 6 7 8 9
8 15 1 5
9 11 4 10 5 6 8
9 12 4 5 6 8 9
9 13 6 10 4 5 7 8 9
9 14 1 7
9 15 4 4 5 6 8
10 11 3 10 4 9
10 12 6 10 3 4 5 6 8
10 13 5 3 4 5 6 8
10 14 4 3 4 5 7
10 15 1 3
11 11 5 10 5 7 8 9
11 12 5 3 4 5 6 8
11 13 3 4 5 9
11 14 1 9
11 15 1 8
12 11 5 4 5 6 7 8
12 12 2 5 9
12 13 4 10 3 4 9
12 14 3 6 8 9
13 11 2 6 9
13 12 5 3 4 6 8 9
13 13 2 4 7
13 14 2 3 9
13 15 1 4
14 11 1 9
14 12 4 10 4 6 8
14 13 4 3 5 7 9
14 14 1 6
14 15 1 6
15 11 1 3
15 12 5 3 5 6 8 9
15 13 4 4 5 6 7
15 14 3 3 6 7
16 11 5 3 6 7 8 9
16 12 3 3 4 9
16 13 4 3 4 8 9
16 14 4 3 5 6 9
16 15 1 8
17 11 4 10 7 8 9
17 12 5 4 5 7 8 9
17 13 4 3 5 6 7
17 14 5 10 4 5 7 9
18 11 3 4 5 8
18 12 3 5 7 8
18 13 2 10 8
18 14 2 4 6
19 11 2 5 6
19 12 2 4 6
19 13 7 3 4 5 6 7 8 9
19 14 5 3 5 6 7 9
19 15 3 3 5 8
20 11 2 6 8
20 12 5 5 6 7 8 9
20 13 1 5
20 14 3 4 7 9
20 15 2 3 8
21 11 1 4
21 12 6 4 5 6 7 8 9
21 13 4 10 4 8 9
21 14 1 7
21 15 1 9
22 11 2 5 7
22 12 4 10 3 6 7
22 13 2 3 5
22 14 4 10 6 7 9
22 15 1 10
23 11 4 10 3 4 6
23 12 3 5 8 9
23 13 3 6 7 8
23 14 4 10 3 7 8
24 11 3 3 4 5
24 12 2 6 9
24 13 5 3 4 5 7 8
24 14 1 6
25 11 2 3 9
25 12 7 10 3 4 5 6 8 9
25 13 3 4 7 8
25 14 3 4 6 7
25 15 2 10 9
26 11 3 3 4 5
26 12 3 10 8 9
26 13 4 10 4 5 8
26 14 5 3 4 5 6 8
26 15 1 8
27 11 4 10 6 7 9
27 12 4 5 6 7 8
27 13 4 5 6 7 8
27 14 3 10 7 8
27 15 2 5 9
28 11 2 7 8
28 12 6 3 4 5 6 7 9
28 13 3 4 5 6
28 14 3 10 4 7
29 11 3 3 6 7
29 12 5 10 6 7 8 9
29 13 3 4 7 9
29 14 4 3 6 7 9
29 15 1 6
30 11 2 3 5
30 12 2 6 8
30 13 3 6 7 9
30 14 8 10 3 4 5 6 7 8 9
30 15 1 10
31 11 3 5 8 9
31 12 5 10 4 7 8 9
31 13 4 6 7 8 9
31 14 3 7 8 9
32 11 3 5 7 9
32 12 3 3 5 9
32 13 2 8 9
32 14 3 5 7 9
33 11 3 4 6 7
33 12 5 10 3 4 7 9
33 13 3 4 8 9
33 14 3 3 4 8
34 11 4 3 4 7 8
34 12 4 3 4 5 9
34 13 5 10 4 7 8 9
34 14 6 10 3 4 7 8 9
35 11 1 6
35 12 4 3 5 7 9
35 13 4 10 3 4 7
35 14 4 4 6 8 9
35 15 1 8
36 11 3 4 5 6
36 12 1 8
36 13 1 8
36 14 5 4 5 6 8 9
36 15 2 5 7
37 11 2 3 4
37 12 5 3 5 6 7 9
37 13 4 10 4 8 9
37 14 5 3 5 6 8 9
38 11 5 10 5 7 8 9
38 12 6 10 3 4 5 7 9
38 13 3 4 5 9
38 14 6 4 5 6 7 8 9
38 15 1 8
39 11 3 4 8 9
39 12 2 5 9
39 13 2 10 7
39 14 3 10 5 7
40 11 2 5 8
40 12 1 6
40 13 3 4 5 9
40 14 6 10 4 5 6 7 9
40 15 3 3 4 7
41 11 1 9
41 12 5 3 4 7 8 9
41 13 5 10 4 6 8 9
41 14 5 10 4 5 8 9
41 15 1 7
42 11 5 4 5 7 8 9
42 12 3 10 6 7
42 13 5 10 4 5 7 8
42 14 2 4 6
42 15 1 6
43 11 2 3 4
43 12 4 4 5 6 8
43 13 4 3 6 7 8
43 14 6 10 3 4 6 7 9
43 15 2 6 8
44 11 6 3 5 6 7 8 9
44 12 3 5 8 9
44 13 2 4 8
44 14 2 5 6
45 11 4 10 6 8 9
45 12 4 4 5 7 9
45 13 4 3 5 7 9
45 14 2 4 9
45 15 3 6 7 9
46 11 1 4
46 12 7 10 3 4 5 6 7 9
46 13 3 5 7 9
46 14 1 5
46 15 5 4 6 7 8 9
47 11 2 10 4
47 12 4 10 3 4 6
47 13 4 5 6 8 9
47 14 4 4 5 7 9
48 11 3 10 4 5
48 12 6 3 4 5 6 7 9
48 13 2 10 7
48 14 6 3 4 5 6 7 9
48 15 3 4 7 9
49 11 1 6
49 12 5 4 5 6 8 9
49 13 2 6 9
49 14 5 3 4 5 7 8
49 15 2 6 9
50 11 5 10 3 4 5 8
50 12 5 5 6 7 8 9
50 13 3 3 4 5
50 14 2 10 6
50 15 1 8
51 11 2 4 9
51 12 6 3 4 5 7 8 9
51 13 3 10 5 8
51 14 6 10 4 6 7 8 9
51 15 1 8
52 11 3 4 7 8
52 12 2 5 8
52 13 3 7 8 9
52 14 6 10 3 5 6 7 8
52 15 1 9
53 11 2 7 8
53 12 4 10 5 8 9
53 13 3 6 7 9
53 14 5 10 3 7 8 9
53 15 1 4
54 11 3 5 6 9
54 12 2 10 5
54 13 5 4 6 7 8 9
54 14 3 4 7 8
55 11 4 10 6 8 9
55 12 3 7 8 9
55 13 2 5 9
55 14 4 10 3 6 8
56 11 1 7
56 12 3 4 7 8
56 13 2 10 5
56 14 5 5 6 7 8 9
57 11 1 7
57 12 3 7 8 9
57 13 2 6 7
57 14 5 3 4 5 6 7
58 11 2 4 5
58 12 2 4 9
58 13 3 6 7 8
58 14 6 10 3 4 6 7 8
59 11 2 6 8
59 12 4 3 6 7 9
59 13 4 4 5 6 9
59 14 3 4 5 9
59 15 1 7
60 11 2 8 9
60 12 3 3 4 5
60 13 4 10 4 7 8
60 14 6 3 4 5 6 8 9
60 15 1 10
61 11 3 5 6 9
61 12 3 7 8 9
61 13 6 10 3 5 6 7 9
61 14 3 3 7 9
62 11 2 7 8
62 12 5 10 3 5 6 9
62 13 3 5 6 8
62 14 6 3 4 5 6 7 9
62 15 2 6 7
63 11 1 6
63 12 3 4 5 6
63 13 5 3 5 6 7 9
63 14 3 5 6 9
63 15 2 3 4
64 11 4 3 5 6 9
64 12 3 5 6 9
64 13 3 6 8 9
64 14 3 3 5 7
64 15 1 4
65 11 2 4 5
65 12 4 10 5 8 9
65 13 3 4 8 9
65 14 5 10 5 7 8 9
65 15 2 7 9
66 11 3 4 7 8
66 12 4 5 6 7 9
66 13 4 10 6 8 9
66 14 3 10 6 7
66 15 1 7
67 11 2 8 9
67 12 3 4 7 9
67 13 3 5 7 9
67 14 6 4 5 6 7 8 9
67 15 1 8
68 11 3 5 8 9
68 12 7 10 4 5 6 7 8 9
68 13 5 10 4 6 8 9
68 14 5 10 4 5 6 9
68 15 1 8
69 11 1 4
69 12 5 5 6 7 8 9
69 13 5 10 3 5 7 9
69 14 8 10 3 4 5 6 7 8 9
69 15 1 9
70 11 3 4 7 8
70 12 4 10 5 6 7
70 13 4 4 5 8 9
70 14 5 3 4 6 7 9
70 15 1 3
71 11 2 4 8
71 12 4 4 7 8 9
71 13 6 10 4 5 6 8 9
71 14 7 10 3 4 5 6 8 9
72 11 4 3 5 6 8
72 12 4 10 6 8 9
72 13 3 4 5 9
72 14 5 10 4 6 8 9
72 15 4 10 6 7 9
73 11 3 4 5 8
73 12 6 10 3 4 6 7 8
73 13 7 10 3 4 5 7 8 9
73 14 3 7 8 9
73 15 3 6 7 8
74 11 4 10 4 5 8
74 12 5 10 3 4 5 8
74 13 6 10 3 5 6 7 9
74 14 4 3 5 6 8
74 15 1 8
75 11 1 8
75 12 3 4 7 9
75 13 5 10 4 5 8 9
75 14 4 5 6 8 9
75 15 1 4
76 11 3 4 7 9
76 12 6 10 4 5 6 7 8
76 13 4 4 5 6 8
76 14 3 4 6 8
76 15 1 10
77 11 2 3 8
77 12 5 10 4 5 6 9
77 13 4 3 4 5 9
77 14 2 4 9
77 15 1 3
78 11 2 3 5
78 12 5 10 3 4 8 9
78 13 4 10 4 6 8
78 14 6 3 4 5 6 8 9
78 15 1 9
79 11 3 10 4 8
79 12 1 4
79 13 4 6 7 8 9
79 14 4 4 6 7 9
79 15 1 8
80 11 2 10 9
80 12 6 10 3 4 5 6 7
80 13 6 10 3 5 6 7 8
80 14 2 10 9
80 15 1 5
81 11 3 10 5 7
81 12 4 10 4 5 8
81 13 5 3 4 6 8 9
81 14 2 3 9
81 15 1 8
82 11 3 3 7 8
82 12 4 3 4 6 8
82 13 4 3 4 6 9
82 14 2 8 9
83 11 5 10 4 6 7 8
83 12 3 5 6 9
83 13 4 3 5 7 9
83 14 3 5 7 9
83 15 1 8
84 11 2 7 8
84 12 1 5
84 13 3 4 7 9
84 14 6 3 4 6 7 8 9
84 15 2 5 9
85 11 3 4 7 8
85 12 2 4 6
85 13 4 10 3 6 8
85 14 5 3 5 6 7 8
85 15 2 10 5
86 11 2 5 6
86 12 3 6 7 9
86 13 5 3 4 5 8 9
86 14 5 4 6 7 8 9
87 11 3 10 3 8
87 12 6 3 4 5 6 7 8
87 13 3 6 8 9
87 14 2 6 9
87 15 2 4 8
88 11 3 3 4 9
88 12 6 10 3 5 6 8 9
88 13 2 4 7
88 14 3 5 7 9
89 11 3 4 7 9
89 12 4 10 5 7 9
89 13 2 7 9
89 14 5 10 4 7 8 9
90 11 2 3 4
90 12 4 10 5 7 8
90 13 4 10 4 5 8
90 14 3 5 8 9
90 15 1 7
91 11 2 4 9
91 12 2 4 8
91 13 7 10 3 4 5 6 7 9
91 14 5 3 4 5 6 8
91 15 1 9
92 11 6 10 3 4 6 7 8
92 12 6 3 4 5 7 8 9
92 13 5 10 4 6 7 9
92 14 2 10 9
92 15 1 8
93 11 3 4 6 9
93 12 3 3 5 9
93 13 4 4 6 7 8
93 14 2 3 4
93 15 1 6
94 11 4 4 6 7 8
94 12 4 4 5 6 9
94 13 3 10 5 6
94 14 2 10 3
94 15 1 4
95 11 5 10 3 6 7 9
95 12 4 10 3 4 6
95 13 5 3 4 7 8 9
95 14 5 4 5 6 7 9
96 11 1 4
96 12 5 10 3 4 7 8
96 13 4 4 6 8 9
96 14 4 10 4 5 9
96 15 1 6
97 11 3 10 3 7
97 12 2 3 6
97 13 2 8 9
97 14 3 5 8 9
97 15 3 4 6 7
98 11 6 3 4 5 6 8 9
98 12 6 3 4 6 7 8 9
98 13 4 5 6 7 9
98 14 3 3 6 7
98 15 3 5 6 9
99 11 3 3 4 7
99 12 4 4 7 8 9
99 13 4 4 7 8 9
99 14 4 6 7 8 9
100 11 2 4 8
100 12 3 5 6 8
100 13 4 10 5 6 7
100 14 6 10 3 4 5 6 8
100 15 1 7
101 11 3 10 5 6
101 12 4 10 5 8 9
101 13 2 5 6
101 14 2 7 8
102 11 2 5 7
102 12 2 6 8
102 13 6 3 4 5 6 7 8
102 14 5 3 4 6 8 9
103 11 5 3 4 5 7 8
103 12 3 4 6 7
103 13 3 10 6 9
103 14 3 10 5 8
103 15 2 4 5
104 11 2 4 9
104 12 4 3 4 7 8
104 13 7 10 4 5 6 7 8 9
104 14 6 3 5 6 7 8 9
105 11 2 8 9
105 12 6 10 3 5 6 7 8
105 13 2 6 7
105 14 5 10 3 7 8 9
106 11 3 10 6 9
106 12 4 3 4 5 6
106 13 5 10 4 5 7 9
106 14 3 5 6 9
107 11 4 6 7 8 9
107 12 4 3 6 8 9
107 13 5 10 3 4 5 8
107 14 4 5 6 7 8
107 15 1 6
108 11 1 9
108 12 3 3 4 6
108 13 5 4 5 7 8 9
108 14 5 10 5 6 8 9
108 15 2 5 7
109 11 1 7
109 12 2 6 8
109 14 3 10 5 9
109 15 1 6
110 11 4 3 4 6 8
110 12 4 10 4 8 9
110 13 1 8
110 14 4 10 5 6 7
111 11 5 3 4 6 7 9
111 12 4 10 5 6 7
111 13 3 10 6 9
111 14 2 5 8
111 15 3